Possible Data

% when bigWalk = 1.0 and largMarg = 0.1

chebVcent
0.4047  0.5953 29252 17337
0.1655  0.834492895639 29145.0 10205
0.1995  0.800459000124 29503.0 16122

chebVmid
0.5925  0.407539762432 29252.0 19868
0.4858  0.514159152033 29145.0 12642
0.4001  0.599924605525 29503.0 18569

centVmid
0.7560  0.244042822608 29458.0 17374
0.8429  0.157051282051 29438.0 9984
0.7237  0.276324096808 29533.0 14255


% when bigWalk = 1.0 and largMarg = 0.0

chebVcent
0.4399 0.5591 29252
0.3490 0.6448 29145
0.3127 0.6848 29503

chebVmid
0.5660 0.4331 29252
0.4991 0.4966 29145
0.4347 0.5631 29503

centVmid
0.6672 0.3316 29458
0.6762 0.3176 29438
0.6276 0.3692 29533